spawns:
  default:
    world: 52133184-a1a7-4172-b353-47a9299a1224
    world-name: world
    x: 178.72540586316185
    y: 76.0
    z: 120.74684395643251
    yaw: -175.94921875
    pitch: 36.300071716308594
